1 1.00000000000000005551e-01 -3.24257726718041752179e+01 -2.69116051568023593177e+01 2.04899242645436102661e-01
2 1.00000000000000002082e-02 -2.74159871362119424987e+01 -2.69116051568023593177e+01 1.87421737377152404502e-02
3 1.00000000000000002082e-03 -2.69615612490251557176e+01 -2.69116051568023593177e+01 1.85630295672531290055e-03
4 1.00000000000000004792e-04 -2.69165959386269406650e+01 -2.69116051568023593177e+01 1.85450915896774121356e-04
5 1.00000000000000008180e-05 -2.69121041868880510606e+01 -2.69116051568023593177e+01 1.85433043768333031512e-05
6 9.99999999999999954748e-07 -2.69116550601355974948e+01 -2.69116051568023593177e+01 1.85434250195823703092e-06
7 9.99999999999999954748e-08 -2.69116101320188150225e+01 -2.69116051568023593177e+01 1.84872527176153890379e-07
8 1.00000000000000002092e-08 -2.69116054885110145278e+01 -2.69116051568023593177e+01 1.23258591703254501760e-08
9 1.00000000000000006228e-09 -2.69116045004125226114e+01 -2.69116051568023593177e+01 2.43905866217097691700e-08
10 1.00000000000000003643e-10 -2.69116079421038989494e+01 -2.69116051568023593177e+01 1.03498157148300545220e-07
